kinematics:
  shoulder:
    x: 0
    y: 0
    z: 0.1279192771901909
    roll: -0
    pitch: 0
    yaw: -5.667376451939933e-06
  upper_arm:
    x: 9.041881737751847e-05
    y: 0
    z: 0
    roll: 1.57070218276591
    pitch: 0
    yaw: -0.0001057799331502886
  forearm:
    x: -0.6125359736781525
    y: 0
    z: 0
    roll: 3.136397963018077
    pitch: 3.140297873354551
    yaw: 3.141535868491726
  wrist_1:
    x: -0.5710728777659848
    y: 0.0009390488846500582
    z: 0.1640463855482305
    roll: 3.13586842732929
    pitch: 3.141040028210005
    yaw: 3.141552529791286
  wrist_2:
    x: -1.158857204177122e-05
    y: -0.1157230835475638
    z: 2.228308830531331e-05
    roll: 1.570603771538445
    pitch: 0
    yaw: 3.541975299643091e-05
  wrist_3:
    x: 4.339883170748573e-05
    y: 0.09220144308306165
    z: 7.255600625105451e-05
    roll: 1.57158325581518
    pitch: 3.141592653589793
    yaw: 3.141547328264844
  hash: calib_4952720460142542960


